1+1=...|2,3,4,5
2+3=...|5,4,6,7
5-2=...|3,2,4,5
3+4=...|7,6,8,9
6-3=...|3,2,4,5
4+2=...|6,5,7,8
7-5=...|2,3,4,1
8-4=...|4,3,5,6
9-6=...|3,2,4,5
2+6=...|8,7,9,10
10-7=...|3,2,4,5
3+5=...|8,7,9,6
1+9=...|10,9,11,8
7+2=...|9,8,10,11
6+3=...|9,8,10,7
5+4=...|9,8,10,11
8+1=...|9,10,11,7
10-2=...|8,7,9,6
9-1=...|8,7,9,10
4+5=...|9,8,10,11
3+7=...|10,9,11,12
2+8=...|10,9,11,12
6+4=...|10,9,11,12
7+3=...|10,9,11,12
5+5=...|10,9,11,12
10-5=...|5,4,6,7
8-2=...|6,5,7,8
9-4=...|5,4,6,7
7-3=...|4,3,5,6
6-2=...|4,3,5,6
5-1=...|4,3,5,6
4-2=...|2,3,4,5
3-1=...|2,3,4,5
2-1=...|1,2,3,4
10-9=...|1,2,3,4
8-7=...|1,2,3,4
9-8=...|1,2,3,4
7-6=...|1,2,3,4
6-5=...|1,2,3,4
5-4=...|1,2,3,4
4-3=...|1,2,3,4
3-2=...|1,2,3,4
2+2=...|4,3,5,6
3+3=...|6,5,7,8
4+4=...|8,7,9,10
5+3=...|8,7,9,10
6+2=...|8,7,9,10
7+1=...|8,7,9,10
